y	y_pred
41.3	46
42.2	46
43	47
42.7	47
43	47
42.41	47
43.46	48
42.8	47
42.5	47
42.52	47
43.95	48
45.85	50
45.96	50
46.14	50
45.99	50
45.9	50
46.12	50
45	49
45.05	49
44.48	49
44.13	48
44.18	48
44.4	49
42.98	48
41.9	46
42.31	47
43.16	47
43.28	48
43.1	48
42.85	47
42.32	47
42.69	47
42.87	47
43.3	48
43.32	48
43.32	48
42.5	47
42.3	47
40.34	45
41.21	46
41.54	46
41.1	45
42.3	47
44	48
43.7	48
43	47
42.85	47
42.91	48
41.2	46
41.05	46
41.38	46
40.56	46
39.5	44
40.8	45
41.55	46
41.66	47
40.5	46
37.25	42
36.85	42
36.06	41
34.18	38
34.25	38
34.49	38
34.45	38
34.1	37
35.61	40
35.29	40
33.5	37
34.1	38
34.35	38
33.78	37
34.02	37
35.12	39
34.48	38
35.13	39
35.67	40
36.13	41
35.05	40
33.8	37
35.01	39
35.01	40
34.05	39
31.8	35
31.72	34
32.42	36
32.1	35
32.09	35
32.74	36
32.21	35
33.04	37
32.88	36
32.54	33
21.22	22
21.2	22
20.1	21
18.89	18
19.24	19
19.23	19
19.24	20
18.48	18
18.86	18
19.23	19
18.95	18
20	20
20.2	20
20.23	20
20.6	21
20.28	21
20.32	20
20.94	21
21.86	23
21.76	22
22.32	23
22.79	24
22.65	24
22.2	23
22.89	24
22.61	24
22.75	24
23.16	25
23	24
23.25	25
23.12	24
23.74	25
23.94	26
23.74	26
23.18	25
21.45	22
21.4	21
22.3	23
23	24
22.76	24
22.68	24
22.35	23
22.71	23
23.58	25
22.99	24
22.98	24
23.15	24
23.89	25
24.84	27
25	27
25.13	27
26.23	29
26.34	29
26.4	29
26.73	30
26.27	29
26.27	28
27.37	30
29.3	34
28.76	33
28.07	32
28.02	32
27.34	31
26.54	29
26.99	31
25.34	28
24.72	27
24.65	26
26.25	29
25.9	28
26.15	29
26.15	29
25.52	28
25.69	28
26.48	29
27.5	30
28.42	32
28.13	31
28.85	32
29.95	34
29.63	34
28.13	32
27.95	31
27.65	31
28.1	32
27.78	31
27.78	30
29.35	34
28.8	33
28.17	32
28.06	32
27.85	31
27.84	32
25.45	28
25.48	28
25.05	27
24.8	27
25.01	26
26.43	28
28	31
28.12	31
28.29	32
27.95	32
27.02	30
26.57	29
26.57	30
26.06	28
26.87	30
26.36	29
26.89	30
27.2	30
27.15	30
27.15	30
27.89	31
29.44	33
29.79	34
28.72	32
29.03	33
28.43	32
27.85	31
28.96	33
28.8	33
27.9	32
27.24	31
26.25	29
26.02	28
26.57	29
26.76	29
27.3	29
27.2	29
26.61	28
26.66	28
26.85	28
27	28
27.2	29
27.03	29
26.76	28
26.27	28
24.88	26
24.76	25
25.01	26
23.95	24
23.69	23
24.4	25
23.93	24
24.4	24
25.25	26
25.57	26
26.38	28
26.03	26
27.1	28
27.5	29
27.86	29
28.78	31
28.35	30
29.03	31
29	32
28.56	30
31.42	35
31.3	34
31.98	36
30.97	34
30.71	33
32.3	36
31.66	35
31.25	35
30.8	34
31.12	34
31.14	34
30.9	34
32	36
31.79	35
31.69	35
33.45	38
32.41	36
33.78	39
32.1	36
31.6	36
30.71	34
31.1	34
31.31	34
31.51	35
31.25	35
30.3	34
29.55	32
29.61	32
30	33
29.99	33
29.25	32
29.09	31
29.56	33
28.69	31
28.42	30
29.46	32
29	31
28.9	31
28.98	32
28.39	30
29.15	31
29.36	32
28.79	31
28.7	31
28.48	31
28.55	32
27.2	29
27.58	29
27.58	30
26.26	27
26.22	27
26.82	28
27.12	28
27.5	29
27.41	30
26.58	28
26.4	28
26.38	28
26.38	27
26.85	28
27.28	29
27	29
26.08	27
26.31	28
25.51	26
25.5	26
25.59	26
25.74	27
25.99	27
26.11	28
25.42	26
26.28	27
26.79	28
26.5	28
26.27	28
26.2	28
25.7	26
26.7	28
26.66	28
26.17	27
26.18	28
25.4	26
25.89	27
25.63	26
26.51	27
26.94	28
27.08	28
27.52	29
27.71	29
28.28	30
28.29	30
28.66	31
28.11	30
28.47	32
23.34	24
23.49	24
23.28	24
22.79	23
23.24	24
23.04	23
23.63	24
23.86	25
23.47	24
23.04	24
22.4	23
22.22	23
21.55	21
21.63	21
21.92	22
21.98	22
21.62	21
21.83	22
21.77	22
21.45	21
21.28	22
20.27	20
19.67	19
19.42	19
19.21	19
17.96	16
18.09	17
18.34	17
18.26	17
18.34	17
18.03	17
17.71	16
17.67	16
17.85	16
18.1	16
18.63	17
18.93	18
18.74	18
18.43	17
18.65	17
19.29	19
18.75	18
17.98	17
17.5	16
17.82	17
17.83	17
17.65	16
17.8	16
17.91	16
18.27	17
18.64	18
18.53	18
18.4	17
19.15	19
18.72	18
18.45	17
18.59	17
19.25	18
19.4	19
18.95	18
18.9	18
18.3	18
17.05	15
17.31	16
17.37	16
17.22	16
17.43	17
16.77	16
16.2	15
15.89	14
15.99	14
16.39	14
16.95	15
17.4	16
17.45	16
17.83	17
17.81	16
18.04	16
18.73	18
18.72	17
19.07	18
19.14	19
18.35	17
18.42	18
18.24	17
18.16	17
18.65	17
19.02	18
18.68	17
18.94	18
18.5	17
18.6	18
18.6	18
18.61	18
18.65	18
18.45	18
18.2	17
18.15	18
17.37	16
17.58	17
17.36	16
17	16
17.15	15
17.69	16
17.99	17
17.75	17
17.75	17
17.29	16
17.2	16
16.63	15
17.05	16
17.45	16
17.51	16
17.54	17
17.45	16
17.55	17
17.48	17
16.9	16
16.75	16
16.84	16
16.9	16
16.8	16
16.7	16
16.27	15
16.71	15
17.45	17
17.46	17
17.59	18
17	17
16.65	15
17.35	17
16.7	17
15.03	13
15.35	15
14.85	14
14.8	14
14.76	13
15.08	14
15.25	14
15.55	15
15.3	14
15.68	15
15.4	14
15.61	15
15.55	15
15.34	13
16.26	15
16.58	16
16.49	16
16.43	15
16.61	15
17.23	17
17.29	17
17.28	16
17.47	17
17.19	17
17.15	17
17.1	16
17.42	17
17.19	17
16.99	16
16.93	16
16.87	16
17.25	16
17.8	17
17.93	18
17.11	16
17.56	17
17.65	17
18.15	18
17.62	17
17.53	17
17.11	17
16.7	16
16.4	15
16.54	16
16.08	15
16.08	15
16.43	15
16.8	16
16.6	16
16.25	15
16.34	16
16.34	15
16.34	15
16.59	16
16.28	15
16.1	15
16.39	15
16.82	16
17.22	17
17.3	16
17.63	17
17.61	17
17.19	17
16.82	16
16.93	16
17	16
17.44	17
17.5	17
17.4	17
17	16
16.85	16
16.54	16
16.42	15
16.92	16
16.47	16
16.62	16
15.99	15
15.59	14
15.69	15
15.63	15
15.48	14
15.48	14
15.19	14
15.61	15
15.3	14
15.27	14
15.29	14
14.79	14
14.55	13
14.3	13
14.33	13
14.37	13
14.77	14
14.31	13
14.55	13
14.77	13
14.69	13
14.95	14
14.89	13
15.07	14
14.96	14
14.45	13
14.61	13
14.45	13
14.36	13
13.96	12
13.98	12
14	12
14.21	13
14.02	12
14.23	13
13.81	13
13.05	11
13.03	11
13.33	12
13.02	12
11.72	10
11.39	9
11.06	9
11.22	9
11.28	9
11.44	10
11.46	10
11.26	9
11.34	9
11.48	10
11.39	10
11.41	10
11.45	10
11.25	9
11.27	9
11.29	9
11.55	10
11.48	9
11.77	10
11.55	10
11.31	9
11.49	10
11.35	9
11.4	10
11.17	9
11.1	9
11.26	9
11.2	9
11.22	10
10.9	10
10.01	8
9.78	8
9.64	7
9.97	8
9.92	8
9.85	8
9.59	8
9.66	8
9.9	8
10.3	8
10.48	8
10.5	8
10.57	8
10.76	9
10.78	9
10.31	8
10.09	8
10.27	8
10.07	8
10.2	8
10.64	9
10.48	9
10.31	8
10.58	8
11.16	9
11.45	10
11.4	9
11.41	10
11.07	10
10.5	10
9.45	8
9.05	7
9.06	7
9.19	7
9.06	7
9.04	7
9	7
9.03	7
8.95	7
8.77	7
8.85	7
8.71	7
8.28	6
8.46	6
8.47	6
8.59	7
8.53	7
8.56	7
8.41	6
8.5	6
8.65	7
8.43	6
8.5	7
8.25	7
7.99	6
8.03	6
8.04	6
8.13	6
8.04	6
8.11	6
8.02	6
7.78	6
7.8	6
7.82	6
7.75	6
7.64	6
7.8	6
8.14	6
8.18	6
8.38	6
8.42	7
8.31	7
8.25	6
8.19	6
8.6	7
8.77	7
8.63	7
8.62	7
8.73	7
8.63	7
8.59	6
9.01	7
9.24	7
9.13	7
9.37	7
9.75	7
9.72	7
9.5	6
9.5	6
10.24	7
10.18	7
9.89	7
10.32	7
10.6	7
10.34	7
10.15	7
10.17	7
10.34	7
10.31	7
10.58	8
10.23	7
10.23	7
10.7	7
10.8	8
11	8
10.89	8
10.9	8
10.02	7
10.11	7
10.11	7
10.16	7
10.62	7
10.8	8
10.5	7
10.65	7
10.56	8
10.15	7
9.92	7
9.52	6
9.44	6
9.8	7
9.91	7
9.58	6
9.87	6
10.86	7
11.21	8
11.4	8
11.77	9
11.39	8
11.05	7
11.93	8
12.1	9
12.21	9
12.25	9
12.18	9
12.42	9
12.02	9
11.46	8
11.66	8
11.57	8
11.54	8
11.2	8
11.35	8
11.24	8
11.1	8
11.28	8
11.52	8
11.37	8
11.42	8
11	8
10.56	7
10.67	8
10.67	7
10.71	7
11.22	8
11.53	8
11.07	7
11.83	9
11.57	8
11.34	8
12.2	9
12.23	8
12.87	9
12.83	9
12.92	9
13.28	10
12.97	9
13.53	10
12.88	9
12.88	9
13.15	10
13.33	10
13.24	10
12.99	10
12.77	9
12.54	9
12.92	9
12.63	9
12.34	9
12.4	9
12.22	8
12.63	9
12.55	9
12.3	9
12.67	9
12.51	9
12.09	9
11.45	8
11.64	8
11.83	8
12.62	9
12.57	10
11.93	9
11.91	9
11.52	8
12.48	9
12.91	9
12.74	9
12.75	9
12.77	9
13.41	10
13.7	10
13.38	10
13.1	10
12.81	9
12.86	9
13.21	9
13.66	10
13.69	10
13.69	10
13.69	10
13.69	10
13.69	10
13.69	10
13.69	9
15.06	11
15.8	12
15.53	12
15.54	12
14.95	12
14.76	11
15.39	12
15.55	12
15.29	12
15.41	12
15.63	12
14.99	11
15.02	11
15.44	12
15.56	12
15.55	11
16.07	13
15.88	13
15.42	11
16.96	13
17.08	14
16.87	13
17.03	14
16.69	12
17.4	14
17.2	14
16.82	13
16.99	14
16.4	13
16.82	13
17.02	14
16.81	13
17.15	14
17.09	14
16.92	14
16.65	14
15.75	12
16.02	12
16.06	12
16.3	13
15.92	13
15.79	11
16.72	13
16.78	13
17.05	14
16.86	14
16.53	13
16.6	12
18.09	15
17.81	14
17.89	14
17.78	14
17.63	14
17.7	15
16.99	14
16.85	13
16.98	13
17.45	14
17.15	14
16	13
15.72	12
15.22	12
15.36	12
14.98	11
15.1	12
15.18	12
15.2	11
15.7	12
15.91	13
15.58	12
15.42	12
14.83	11
14.79	11
15	12
14.49	11
14.68	11
15.27	11
15.88	12
15.83	12
16.35	12
16.73	13
16.31	13
15.83	12
16	12
16.53	13
16.27	13
16.3	13
15.71	11
16.47	12
16.81	14
15.81	12
15.24	12
15.2	12
15.28	12
14.93	11
15.06	12
14.91	12
14.45	11
14.47	11
14.4	11
14.48	11
14.07	11
13.72	10
13.94	10
13.93	11
13.03	9
13.1	9
13.23	10
13.07	11
13.8	12
14.07	13
13.63	13
13.37	12
13.41	12
13.42	12
13.1	12
12.46	11
12.46	11
12.36	10
12.85	12
12.59	11
12.25	10
12.78	11
13.21	12
13.24	12
13.54	12
13.54	12
13.6	12
13.5	12
13.27	12
13.67	12
14.03	13
13.87	13
14	13
13.57	12
13.5	11
14.35	13
14.23	13
14.25	13
13.91	13
13.79	13
13.51	12
13.09	12
13	12
12.83	11
13.15	11
13.46	12
13.71	13
13.33	12
13.37	12
13.1	12
12.4	11
12.31	11
12.27	11
12.26	11
12.09	10
12.5	11
12.4	11
12.58	11
12.58	11
13.04	12
12.97	12
12.92	12
12.78	12
12.42	11
12.49	11
12.64	11
13.14	12
13.18	12
12.89	11
12.92	11
13.06	11
13.4	12
13.43	12
13.84	13
13.71	12
13.68	13
13.45	12
13.48	12
13.59	12
13.32	12
13.68	13
13.47	12
13.15	12
12.86	11
12.9	11
13.28	12
13.18	12
13.07	12
13.16	12
12.91	12
12.6	11
12.64	11
12.96	12
13.01	12
12.92	12
12.56	11
12.53	11
12.3	11
12.32	11
12.53	11
12.43	11
12.68	11
12.72	11
12.63	11
13.18	12
13	11
13.15	12
13.03	12
12.87	11
13.08	12
12.89	12
12.6	11
12.91	11
13.08	12
13	11
13.12	11
13.38	12
13.22	12
13.1	12
12.74	11
12.78	11
12.76	11
12.83	11
12.83	11
12.95	11
13.06	12
13.12	12
13.23	12
13.22	12
13.22	12
13.13	12
13.22	12
13.26	12
13	12
12.8	11
12.9	11
13.03	11
13.5	12
13.42	12
13.49	12
13.41	12
13.2	12
13.37	12
13.18	12
13.36	12
13.51	12
13.7	12
13.87	13
13.78	12
13.87	13
13.58	12
13.85	12
14.03	13
14	13
13.92	13
14.06	13
14.14	13
13.99	13
14.11	13
13.86	12
13.97	12
14.18	13
14.32	13
14.4	13
14.32	13
14.32	13
14.07	13
13.87	13
13.92	13
13.79	12
13.96	12
14.17	13
14.36	13
14.33	13
14.39	13
14.33	13
14.3	13
14.58	13
14.38	13
14.44	13
14.42	13
13.91	12
14.08	13
14.24	12
14.66	13
14.84	14
14.86	14
14.99	14
14.74	13
14.9	13
15.26	14
15.16	14
15.16	14
15.4	15
15.15	14
14.97	14
14.9	14
15	14
14.75	14
14.64	13
14.83	14
14.51	13
14.53	13
14.57	13
14.69	13
14.74	13
15	14
15.03	14
14.99	14
15.2	14
15.05	14
14.96	13
15.22	14
15.13	14
14.83	13
15.12	14
14.86	14
14.9	14
14.71	13
14.8	14
14.85	14
14.88	13
15.19	14
14.97	14
14.99	14
15.11	13
15.6	15
15.48	14
15.49	14
15.68	15
15.43	14
15.52	14
16.14	15
16.36	16
16.17	14
17.35	18
16.99	16
17.91	18
17.49	17
17.33	17
17.36	17
17.36	16
19.1	20
18.81	19
18.81	20
18.31	19
18.08	19
17.68	17
18.42	19
18.37	19
18.29	19
18.2	19
18.06	16
19.01	17
20.11	20
19.71	18
19.99	19
19.55	19
19.14	18
19.21	18
19.17	17
19.65	18
19.77	20
18	15
19.08	17
19.68	19
19.71	19
19.68	18
20.38	20
20.09	20
19.68	19
19.32	18
19.18	18
18.66	17
19.13	18
18.63	17
18.74	18
18.24	17
18.3	16
18.74	16
19.7	19
19.58	18
19.69	18
20.63	20
20.23	20
19.66	18
20	18
20.56	20
20.45	20
19.8	18
20.17	19
19.9	19
19.56	18
19.98	19
19.86	19
19.71	18
19.85	18
20.15	19
20.41	19
20.76	19
21.06	20
20.9	20
20.93	19
21.89	21
22.53	22
22.21	22
21.92	21
21.86	21
22.3	22
21.86	20
22.67	22
22.42	22
22.33	21
23.33	22
24.34	25
23.76	23
24.2	24
24.41	25
23.77	23
23.81	23
25.21	25
26.13	26
27.22	28
28.28	29
28.27	29
29.28	31
28.77	30
29.13	31
27.96	28
30.76	33
31.15	33
30.9	34
28.5	30
27.73	29
27.77	28
29.48	31
30.18	32
30.53	32
32.5	34
32.3	35
30.75	32
31.6	33
31.78	33
31.96	33
32.98	35
32.92	34
34.18	35
34.56	36
33.69	36
30.68	31
30.88	31
31.93	32
32.48	33
31.75	32
31.63	32
31.91	33
31.63	32
32.22	33
32.84	33
33.2	34
32.61	33
30.76	32
29.1	29
30	31
28.47	30
26.04	25
27.17	27
27.54	28
26.25	27
23.63	24
21.65	19
23.81	23
23.38	24
22.5	23
21.3	20
22.13	23
19.96	20
17.96	16
17.96	16
17.96	16
17.96	15
19.76	17
21.74	20
22.19	22
19.79	18
20.66	20
20.84	20
21.53	21
21.9	22
21.37	22
19.23	18
19.24	17
20.62	21
19.99	19
19.98	20
19	17
20.55	20
19.96	20
19.78	18
20.65	19
21.61	21
21.32	21
20.88	20
21.36	21
21.32	21
21.48	22
19.33	18
19.77	19
19.46	20
18.15	18
16.34	16
14.71	13
14.5	11
15.95	13
17.04	16
16.75	15
16.59	15
16.64	16
16.06	13
16.87	15
17.23	16
16.79	15
17.01	16
15.97	15
14.91	12
16.23	15
15.79	14
16.08	14
16.6	15
16.62	15
16.24	14
16.6	16
15.83	14
15.98	15
15.53	14
15.6	13
16.18	14
16.53	14
17.22	16
17.19	16
17.19	15
17.89	17
17.78	17
17.53	16
18.13	18
16.85	15
17.21	15
17.63	16
17.81	17
17.61	16
17.75	16
17.91	17
17.85	17
17.38	16
17.29	15
18.28	17
18.52	16
19.68	19
19.69	19
19.32	18
19.4	19
18.99	18
18.75	17
19.29	19
18.69	18
18.4	17
18.72	18
18.89	18
18.44	17
19.02	18
19.04	18
18.8	19
17.58	17
17.48	16
17.69	16
18.18	17
18.14	17
17.73	16
17.99	17
17.5	16
17.52	16
17.66	17
17.68	16
18.1	16
18.7	18
18.35	17
18.63	18
18.78	17
19.41	19
19.11	18
18.8	18
18.9	18
19.01	19
18.36	17
18.61	17
19.15	19
18.63	18
16.92	15
17.22	15
17.38	17
15.78	13
16.23	15
15.47	13
15.57	14
15.22	12
15.6	14
14.99	12
15.14	12
15.55	13
15.7	14
15.51	13
15.79	14
15.8	14
14.52	12
14.53	13
13.85	11
14.34	12
14.18	11
14.55	12
14.41	12
14.61	12
14.46	12
14.18	11
14.77	12
15.04	13
14.9	12
15.1	12
15.36	13
15.16	13
15.39	14
14.14	11
14.3	12
13.68	11
14.02	10
15.02	12
15.28	13
15.06	13
15.06	13
15.06	13
15.06	13
15.06	13
15.06	13
15.06	13
15.06	13
15.06	13
15.06	13
15.06	13
15.06	13
15.06	13
15.06	13
15.06	13
15.06	13
15.06	13
15.06	13
15.06	13
15.06	13
15.06	13
15.06	13
15.06	12
15.22	13
14.51	12
14.65	12
14.3	11
14.67	12
14.83	13
14.74	13
14.43	12
14.41	12
13.88	11
13.93	11
14.01	11
14.16	12
14.21	12
14.05	12
14.07	11
14.23	11
14.61	12
14.48	12
14.59	13
13.96	12
13.58	11
13.65	11
13.62	11
13.71	11
13.59	11
13.63	11
13.5	11
13.36	11
13.23	10
13.27	11
13.34	11
13.18	10
13.29	11
13.28	11
13.29	11
13.29	10
13.78	11
13.72	11
13.78	11
13.95	11
13.98	12
13.8	11
13.81	12
13.18	10
13.2	10
13.47	11
13.31	10
13.75	11
13.67	11
13.52	11
13.7	11
13.93	12
13.63	10
14.18	11
14.42	12
14.32	12
14.34	12
14.2	11
14.42	12
14.38	12
14.36	12
14.25	12
14.18	12
14.23	11
14.75	12
14.89	13
14.78	12
14.55	11
15	13
14.88	12
15.02	13
14.99	13
14.72	12
15.13	13
15.15	13
14.55	12
14.81	13
14.56	12
14.21	12
14.32	12
14.32	12
14.35	12
14.45	12
14.87	13
14.84	13
14.72	13
14.65	12
14.89	12
15.18	13
15.16	13
15.03	13
14.96	13
14.89	13
14.7	12
14.7	13
14.7	12
14.7	12
14.7	13
14.66	12
14.67	12
14.68	12
14.78	13
14.67	12
14.71	12
14.94	13
15.01	13
15.11	13
14.86	13
14.49	12
14.6	12
14.5	12
14.7	12
14.76	13
14.8	13
14.85	13
14.75	13
14.52	12
14.69	12
14.7	12
14.71	12
14.78	12
15.09	13
15.12	13
15	13
14.94	13
14.99	13
14.73	12
14.98	13
14.92	13
14.86	13
14.96	12
15.37	13
15.43	13
15.34	13
15.39	13
15.48	14
15.3	13
15.32	13
15.38	13
15.43	13
15.44	13
15.63	12
16.32	14
16.2	14
16.35	14
16.84	15
16.65	15
16.77	15
16.44	14
16.6	15
16.22	14
16.41	14
16.73	15
16.65	14
16.95	15
17.32	16
17.17	15
16.9	15
16.84	14
17.54	16
17.14	16
16.33	14
16.29	14
16.38	15
16.32	14
16.29	15
15.56	13
15.6	14
15.49	14
15.26	13
15.5	13
15.58	14
15.48	13
15.86	14
15.94	14
15.5	13
15.93	14
15.99	14
15.71	13
15.81	14
15.95	11
16.2	12
16.15	12
15.88	12
15.63	12
15.05	11
15	11
14.93	10
15.17	11
14.9	11
14.64	10
14.79	10
14.99	11
14.86	10
14.98	11
14.99	11
15.08	11
15.29	11
15.15	11
15	11
15.07	11
14.93	11
14.99	11
15.15	11
15.21	11
15.27	11
15.51	11
15.37	11
15.4	11
15.18	10
15.68	11
15.71	12
15.52	11
15.66	11
15.59	11
15.65	11
15.8	12
15.75	12
15.62	11
15.57	11
15.56	11
15.28	11
15.28	11
15.28	11
15.28	11
15.28	11
15.28	11
15.28	10
16.81	11
17.16	12
17.22	13
17.05	12
17.3	13
17.4	12
17.9	14
17.53	13
17.51	13
17.05	13
17	13
16.96	12
17.33	13
17.29	13
17.26	13
17.35	13
17.3	13
17.05	13
16.96	13
16.79	12
16.85	12
16.85	12
17.25	13
17.25	13
17.25	13
17.25	12
17.66	13
17.92	13
17.87	13
17.76	13
17.64	13
17.82	13
17.83	14
17.6	14
17.03	12
17.16	13
16.81	12
17.3	13
17.24	12
17.44	11
18.94	14
18.97	14
19.04	14
19.12	15
19	14
19	14
18.98	13
19.92	16
19.38	15
19.53	15
19.55	15
19.75	15
19.62	15
19.81	14
20.59	16
20.63	16
20.98	16
20.99	17
20.95	17
20.79	16
21.3	17
21.44	17
21.61	17
21.86	16
22.81	19
22.4	17
23.55	19
23.85	19
23.97	20
23.83	19
23.97	20
23.74	20
22.6	18
22.64	17
23.52	19
23.25	19
23.19	19
22.45	18
22.61	17
23.41	19
23.22	18
23.97	21
22.9	19
22.07	17
22.67	17
23.58	19
23.66	19
23.97	20
23.12	19
22.92	19
22.75	18
23.25	19
22.95	19
22.82	18
22.85	19
22.14	18
21.84	17
22.12	18
22.28	17
22.68	19
22.48	19
21.88	17
21.77	17
21.84	17
22.43	17
22.95	18
23.25	19
23.03	19
22.87	19
22.86	19
22.82	18
22.91	18
23.69	19
23.72	19
24.03	20
23.86	20
23.68	19
24.39	20
24.36	20
24.95	21
24.46	19
25.35	21
25.3	21
24.94	21
24.93	21
24.55	20
24.62	20
24.94	21
24.52	20
24.78	20
24.97	20
26.7	23
26.25	22
26.58	22
28.02	24
28.15	24
28.3	24
29.98	26
30.1	27
28.89	25
29.17	26
29.5	26
30.45	27
30.46	27
30.63	29
28.38	25
28.66	25
28.49	25
27.72	24
28.27	24
30	27
30.08	26
31.5	28
32.29	30
31.58	29
32.12	29
32.75	30
34	32
33.65	32
32.81	30
34.94	33
35.26	33
36.59	35
36.57	35
36.02	34
37.9	37
36.05	33
39.25	37
40.04	39
40.15	39
38.81	38
38.18	38
34.36	32
35.52	34
34.22	33
33.08	31
33.56	31
34.92	33
34.02	32
34.57	33
33.86	31
35.31	33
37.27	36
37.09	35
38.1	37
38.29	37
37	36
34.97	33
35.66	34
35.39	33
37.85	36
38.07	37
37.21	36
37.2	36
36.18	35
36.22	35
36.36	41
35.73	40
36.69	41
36.9	41
36.04	40
35.57	40
36.35	41
35.92	40
36.42	41
35.82	40
36.41	40
38.6	43
36.98	42
36.57	41
36.49	41
36.43	41
36.38	41
37.05	42
36.06	40
35	40
31.71	35
31.1	34
31.12	35
28.01	29
28.82	30
29.28	32
28.45	30
28.71	30
29.65	32
28.45	30
29.42	31
29.74	32
30.5	33
31.22	34
31.32	34
32.55	36
32.37	36
32.24	35
32.35	36
31.52	34
32.15	35
33.3	37
32.67	36
32.68	36
33.62	37
33.99	38
33.15	37
32.72	36
32.81	36
32.01	35
31.74	35
32.05	35
31.65	35
31.36	35
29.01	31
29.49	31
30.43	33
29.62	32
29.84	32
30.15	32
30.82	34
30.09	32
29.99	32
29.96	32
30.7	33
31.64	35
31.2	34
31.2	34
31.31	34
31.31	34
31.31	34
31.31	34
31.31	34
31.31	34
31.31	34
31.31	34
31.31	34
31.31	34
31.31	34
31.31	34
31.31	34
31.31	34
31.31	34
31.31	34
31.31	34
31.31	34
31.31	34
31.31	34
31.31	34
31.31	34
31.31	34
31.31	34
31.31	34
31.31	34
31.31	34
31.31	34
31.31	34
31.31	34
31.31	34
31.31	34
31.31	34
31.31	34
31.31	34
31.31	34
31.31	34
31.31	34
31.31	34
31.31	35
28.18	31
25.36	27
22.82	23
20.54	20
18.49	17
16.64	15
14.98	13
13.48	10
13.28	10
12.85	9
12.92	9
13.03	10
12.23	8
13.45	10
13.8	11
13	9
13.04	9
13.1	10
12.69	10
12.1	8
13.31	10
14.1	10
15.51	12
17.06	15
16.53	13
16.85	14
16.52	13
16.62	14
16.68	14
16.31	14
15.34	12
15.43	13
15.08	12
14.6	11
14.67	12
14.03	11
13.35	10
13.2	9
13.7	11
13	9
14.3	11
14.5	10
15.39	11
16.3	14
15.62	12
15.86	13
15.9	12
16.33	13
16.34	14
16.03	12
17.38	15
17.14	13
18.4	15
18.95	16
19.45	18
18.95	17
19.09	18
18.15	15
18.55	16
18.81	17
18.69	17
18.09	17
17.06	14
17.45	15
17.26	14
18.55	16
18.36	16
18.34	16
18.44	16
18.18	16
18.29	16
18.59	16
18.73	16
18.92	17
18.38	16
18.3	17
16.81	14
16.8	14
16.85	15
15.17	12
15.6	12
15.97	13
15.7	12
16.18	14
15.7	12
16.57	13
17.79	16
17.34	15
17.29	15
17.44	15
17.25	14
17.45	15
16.89	14
16.93	14
17.2	14
18.34	16
18.23	15
19.03	16
19.59	18
19.4	17
19.87	18
20.2	18
20.3	19
19.87	18
20.2	17
21.79	21
21.73	22
20.51	19
20.8	20
20.46	20
19.77	17
20.43	18
20.99	20
20.56	20
19.49	17
19.87	17
21.44	20
21.27	20
21.09	21
19.89	18
19.99	18
20.04	18
20.34	19
20	18
20.2	19
19.65	18
19.25	17
19.1	17
19.02	17
19.36	18
19.24	16
20.26	18
20.36	19
19.86	18
19.9	19
19.59	17
19.56	17
18.78	15
19.2	15
20.02	17
19.9	17
19.92	17
20.07	17
20.51	18
20.09	17
20.6	18
20.31	18
20.01	17
19.98	16
21.04	19
20.44	18
20.45	18
20.37	18
20.32	18
20.24	18
19.98	17
19.71	16
20.11	17
20.41	17
20.87	18
21.06	18
22.95	21
22.85	20
23	20
24.14	22
24.06	22
24	21
25.31	23
27.84	26
30.31	30
29.9	30
29.45	29
29.8	30
29.73	30
30.31	30
31.65	32
31.3	32
30.4	31
29.21	29
30.4	30
31.09	33
28.68	29
28.25	28
28.38	28
29.19	29
29.03	29
28.98	29
28.9	29
28.22	28
28.33	29
27.13	27
26.67	25
29.34	29
29.2	29
30	30
29.9	30
29.85	30
29.98	31
29.24	29
30.2	30
31.5	33
30.39	31
30.26	31
30.5	30
33.55	34
34.08	35
34.09	35
36.49	38
36.76	39
35.53	38
35.02	38
33.65	35
34.17	36
33.85	36
32.15	35
28.94	29
29.01	29
28.89	29
28.3	27
30.88	32
30.21	31
29.95	30
30.51	32
29.62	31
28.5	29
27.9	27
29.2	29
29.48	31
28.24	28
28.25	28
29.29	30
29.3	30
29.16	30
28.38	28
28.76	28
30.29	31
30.5	31
32.09	34
29.78	30
31.02	32
31.62	33
31.47	33
31.22	33
30.28	31
29.92	31
30	30
30.97	31
31.97	33
31.93	34
31.3	32
31.58	33
31.48	32
32.81	35
32.53	34
33.9	36
34.08	37
33.2	35
33.24	35
33.28	36
32.26	34
32.18	34
32.44	34
32.06	34
32.2	34
32.87	35
32.93	35
32.51	35
31.36	33
31.22	33
31.28	33
31.57	33
32.71	34
33.15	35
33.4	35
33.34	35
33.33	36
32.92	35
32.73	35
31.4	33
31.13	33
30.5	32
30.17	31
30.24	32
27.9	27
28.75	29
28.32	28
28.67	29
28.37	28
28.18	27
29.96	31
29.85	30
30.13	31
29.69	31
29.24	30
28.85	29
29.71	30
29.79	31
29.18	30
28.81	29
29.36	29
29.83	30
29.6	29
30.65	30
33.49	34
36.84	39
36.93	40
35.46	38
35.74	38
35.29	38
34.4	37
34.02	36
35	37
34.4	37
33.69	35
34.53	37
33.88	36
32.61	34
33.2	36
32.01	34
31.81	33
32.15	33
32.87	35
32.9	35
32.96	35
32.05	34
32.01	34
32.16	34
32.53	35
31.98	34
32.16	34
32.32	34
32.2	33
33.35	35
33.64	35
33.74	36
33.23	35
33.4	35
34	36
34.48	37
34.24	37
33.22	35
33.33	35
32.85	35
32.37	34
32.49	34
32.56	34
32.77	35
31.34	33
31.36	32
31.89	34
31.36	33
31.09	32
30.7	32
30.41	31
30.4	31
30.46	31
30.65	32
30.71	32
30.57	32
30.67	32
31.18	32
31.95	33
31.91	34
31.6	33
32.08	34
31.85	33
32.85	34
33.2	35
33.55	35
33.59	35
34.25	36
34.49	37
33.37	36
32.26	34
33.12	35
33.75	36
33.9	36
33.64	35
34.35	36
35.39	34
35.45	34
36.55	35
36.7	35
36.6	36
35.71	34
37.02	36
37.36	36
37.96	37
36.71	35
36.92	35
37.41	36
38.84	38
40.06	40
38.61	38
40.65	41
39.17	40
35.91	34
38.37	38
38.2	37
39.22	39
38.93	38
40.12	40
40.01	39
40.14	40
39.71	39
39.47	39
43.12	43
43.53	44
43.68	44
44.59	45
45.55	46
50.11	50
55.11	55
50.95	51
51.48	51
50	50
	18
	18
